t 0
n 6
arrOrigionalBase10 [ -1 -1 -1 -1 -1 -1 ]
arrOrigionalBase10 [ 2 4 8 16 128 512 ]
arrOrigionalBase2 [ [ 0 1 0 0 0 0 0 0 0 0 0 0 0 0 0 0 0 0 0 0 0 0 0 0 0 0 0 0 0 0 0 0 ] [ 0 0 1 0 0 0 0 0 0 0 0 0 0 0 0 0 0 0 0 0 0 0 0 0 0 0 0 0 0 0 0 0 ] [ 0 0 0 1 0 0 0 0 0 0 0 0 0 0 0 0 0 0 0 0 0 0 0 0 0 0 0 0 0 0 0 0 ] [ 0 0 0 0 1 0 0 0 0 0 0 0 0 0 0 0 0 0 0 0 0 0 0 0 0 0 0 0 0 0 0 0 ] [ 0 0 0 0 0 0 0 1 0 0 0 0 0 0 0 0 0 0 0 0 0 0 0 0 0 0 0 0 0 0 0 0 ] [ 0 0 0 0 0 0 0 0 0 1 0 0 0 0 0 0 0 0 0 0 0 0 0 0 0 0 0 0 0 0 0 0 ] ]
sumOfAllBinaryNumbers [ 0 1 1 1 1 0 0 1 0 1 0 0 0 0 0 0 0 0 0 0 0 0 0 0 0 0 0 0 0 0 0 0 ]
mostSignificantBit [ {0,1} {1,2} {2,3} {3,4} {4,7} {5,9} ]
indexPowerOf2 [ {0,0} {1,0} {2,0} {3,0} {4,0} {5,0} ]
sumIndexDependOnWhichIndex [ [ ] [ 0 ] [ 1 ] [ 2 ] [ 3 ] [ ] [ ] [ 4 ] [ ] [ 5 ] [ ] [ ] [ ] [ ] [ ] [ ] [ ] [ ] [ ] [ ] [ ] [ ] [ ] [ ] [ ] [ ] [ ] [ ] [ ] [ ] [ ] [ ] ]
(vector<int>)(*sumOfAllBinaryNumbers) [ 0 1 1 1 1 0 0 1 0 1 0 0 0 0 0 0 0 0 0 0 0 0 0 0 0 0 0 0 0 0 0 0 ]
*sumIndexDependOnWhichIndex [ [ ] [ 0 ] [ 1 ] [ 2 ] [ 3 ] [ ] [ ] [ 4 ] [ ] [ 5 ] [ ] [ ] [ ] [ ] [ ] [ ] [ ] [ ] [ ] [ ] [ ] [ ] [ ] [ ] [ ] [ ] [ ] [ ] [ ] [ ] [ ] [ ] ]
(*sumOfAllBinaryNumbers) [ 0 1 1 1 1 0 0 1 0 1 0 0 0 0 0 0 0 0 0 0 0 0 0 0 0 0 0 0 0 0 0 0 ]
*sumIndexDependOnWhichIndex [ [ ] [ 0 ] [ 1 ] [ 2 ] [ 3 ] [ ] [ ] [ 4 ] [ ] [ 5 ] [ ] [ ] [ ] [ ] [ ] [ ] [ ] [ ] [ ] [ ] [ ] [ ] [ ] [ ] [ ] [ ] [ ] [ ] [ ] [ ] [ ] [ ] ]
mostSignificantBitIndex 9
v [ 0 1 1 1 1 0 0 1 0 1 0 ]
vp [ {0,0} {1,0} {2,0} {3,0} {4,0} {5,0} {6,0} {7,0} {8,0} {9,0} {10,0} ]
vp [ {0,0} {1,3} {2,3} {3,3} {4,3} {5,0} {6,0} {7,1} {8,0} {9,0} {10,0} ]
leastSignificantBitIndex 1
vp [ {1,1} ]
(*indexPowerOf2) [ {0,4} {1,3} {2,3} {3,3} {4,1} {5,0} ]
*sumOfAllBinaryNumbers [ 0 1 1 1 1 0 0 1 0 1 0 0 0 0 0 0 0 0 0 0 0 0 0 0 0 0 0 0 0 0 0 0 ]
*sumIndexDependOnWhichIndex [ [ ] [ 0 ] [ 1 ] [ 2 ] [ 3 ] [ ] [ ] [ 4 ] [ ] [ 5 ] [ ] [ ] [ ] [ ] [ ] [ ] [ ] [ ] [ ] [ ] [ ] [ ] [ ] [ ] [ ] [ ] [ ] [ ] [ ] [ ] [ ] [ ] ]
indexPowerOf2 [ {0,4} {1,3} {2,3} {3,3} {4,1} {5,0} ]
minPow 1
minPow 2
minPow 1
ans [ {[ 0 1 2 3 4 ],2} {[ 0 1 2 3 ],4} {[ 0 ],2} ]
t 0
Time Taken: 0.007992